30.613309760  -96.333196212
30.613309601  -96.333196177
30.613309466  -96.333195983
30.613309815  -96.333195679
30.613309943  -96.333195531
30.613310067  -96.333195300
30.613310497  -96.333194859
30.613310646  -96.333194881
30.613310945  -96.333194683
30.613311008  -96.333194633
30.613310977  -96.333194585
30.613310946  -96.333194578
30.613310987  -96.333194482
30.613310923  -96.333194478
30.613310730  -96.333194544
30.613310584  -96.333194561
30.613310436  -96.333194610
30.613310285  -96.333194663
30.613310077  -96.333194815
30.613309927  -96.333194994
30.613309785  -96.333195159
30.613309534  -96.333195370
30.613307432  -96.333194981
30.613307420  -96.333194996
30.613307439  -96.333194974
30.613307427  -96.333194970
30.613307424  -96.333194987
30.613307436  -96.333194990
30.613307418  -96.333194992
30.613307410  -96.333194985
30.613307395  -96.333195002
30.613307395  -96.333195002
30.613307411  -96.333195002
30.613307416  -96.333194995
30.613307408  -96.333194977
30.613307424  -96.333194971
30.613307432  -96.333194985
30.613305398  -96.333197894
30.613305209  -96.333197923
30.613304962  -96.333198001
30.613304669  -96.333198137
30.613304415  -96.333198271
30.613304108  -96.333198436
30.613303838  -96.333198543
30.613303507  -96.333198735
30.613303150  -96.333198980
30.613300813  -96.333201192
30.613300809  -96.333201173
30.613300804  -96.333201171
30.613300799  -96.333201189
30.613300816  -96.333201194
30.613300809  -96.333201175
30.613300819  -96.333201149
30.613300808  -96.333201177
30.613300803  -96.333201184
30.613300815  -96.333201166
30.613300794  -96.333201166
30.613300785  -96.333201180
30.613300804  -96.333201172
30.613300801  -96.333201158
30.613300771  -96.333201186
30.613300782  -96.333201196
30.613300784  -96.333201186
30.613300809  -96.333201185
30.613300811  -96.333201168
30.613300800  -96.333201189
30.613300793  -96.333201185
30.613300820  -96.333201180
30.613300823  -96.333201175
30.613300802  -96.333201192
30.613300790  -96.333201186
30.613300776  -96.333201191
30.613300768  -96.333201185
30.613300797  -96.333201190
30.613300783  -96.333201173
30.613300818  -96.333201164
30.613300792  -96.333201194
30.613300785  -96.333201183
30.613300781  -96.333201147
30.613300794  -96.333201184
30.613300794  -96.333201212
30.613300805  -96.333201204
30.613300778  -96.333201188
30.613300803  -96.333201169
30.613300833  -96.333201147
30.613300835  -96.333201146
30.613300818  -96.333201174
30.613300824  -96.333201158
30.613300809  -96.333201177
30.613300805  -96.333201188
30.613300817  -96.333201194
30.613300813  -96.333201174
30.613300807  -96.333201192
30.613300816  -96.333201182
30.613300822  -96.333201180
30.613300806  -96.333201189
30.613300818  -96.333201196
30.613300807  -96.333201198
30.613300795  -96.333201193
30.613300832  -96.333201164
30.613300821  -96.333201184
30.613300828  -96.333201173
30.613300834  -96.333201152
30.613300801  -96.333201148
30.613300804  -96.333201187
30.613300804  -96.333201197
30.613300810  -96.333201176
30.613300819  -96.333201154
30.613300816  -96.333201164
30.613300842  -96.333201172
30.613300828  -96.333201178
30.613300829  -96.333201188
30.613300842  -96.333201176
30.613300837  -96.333201155
30.613300828  -96.333201162
30.613300804  -96.333201157
30.613300806  -96.333201184
30.613300822  -96.333201195
30.613300828  -96.333201161
30.613300816  -96.333201176
30.613300809  -96.333201179
30.613300810  -96.333201160
30.613300796  -96.333201164
30.613300828  -96.333201170
30.613300855  -96.333201155
30.613300816  -96.333201165
30.613300844  -96.333201171
30.613300824  -96.333201155
30.613300823  -96.333201174
30.613300834  -96.333201186
30.613300820  -96.333201162
30.613300833  -96.333201171
30.613300851  -96.333201142
30.613300839  -96.333201158
30.613300817  -96.333201170
30.613300811  -96.333201199
30.613300800  -96.333201173
30.613300813  -96.333201154
30.613300832  -96.333201153
30.613300806  -96.333201168
30.613300797  -96.333201185
30.613300826  -96.333201169
30.613300830  -96.333201161
30.613300846  -96.333201163
30.613300825  -96.333201149
30.613300825  -96.333201158
30.613300834  -96.333201155
30.613300817  -96.333201164
30.613300831  -96.333201152
30.613300829  -96.333201188
30.613300809  -96.333201198
30.613300813  -96.333201180
30.613300828  -96.333201162
30.613300833  -96.333201143
30.613300826  -96.333201169
30.613300830  -96.333201187
30.613300805  -96.333201183
30.613300812  -96.333201174
30.613300792  -96.333201163
30.613300809  -96.333201156
30.613300832  -96.333201150
30.613300795  -96.333201173
30.613300818  -96.333201175
30.613300822  -96.333201155
30.613300828  -96.333201157
30.613300826  -96.333201160
30.613300815  -96.333201159
30.613300812  -96.333201163
30.613300798  -96.333201185
30.613300823  -96.333201177
30.613300796  -96.333201182
30.613300797  -96.333201172
30.613300820  -96.333201190
30.613300838  -96.333201178
30.613300831  -96.333201164
30.613300816  -96.333201166
30.613300814  -96.333201181
30.613300786  -96.333201185
30.613300815  -96.333201164
30.613300834  -96.333201173
30.613300788  -96.333201182
30.613300804  -96.333201189
30.613300826  -96.333201173
30.613300826  -96.333201167
30.613300817  -96.333201153
30.613300827  -96.333201163
30.613300818  -96.333201175
30.613300832  -96.333201159
30.613300830  -96.333201186
30.613300819  -96.333201183
30.613300836  -96.333201154
30.613300828  -96.333201177
30.613300812  -96.333201167
30.613300808  -96.333201174
30.613300831  -96.333201169
30.613300827  -96.333201183
30.613300822  -96.333201166
30.613300810  -96.333201194
30.613300818  -96.333201167
30.613300831  -96.333201171
30.613300828  -96.333201179
30.613300812  -96.333201184
30.613300817  -96.333201183
30.613300793  -96.333201177
30.613300821  -96.333201176
30.613300815  -96.333201176
30.613300846  -96.333201187
30.613300822  -96.333201164
30.613300829  -96.333201158
30.613300788  -96.333201186
30.613300819  -96.333201195
30.613300830  -96.333201170
30.613300812  -96.333201166
30.613300819  -96.333201168
30.613300824  -96.333201165
30.613300826  -96.333201170
30.613300808  -96.333201175
30.613300817  -96.333201180
30.613300818  -96.333201186
30.613300824  -96.333201187
30.613300802  -96.333201179
30.613300837  -96.333201172
30.613300810  -96.333201174
30.613300822  -96.333201159
30.613300822  -96.333201159
30.613300816  -96.333201180
30.613300823  -96.333201162
30.613300820  -96.333201154
30.613300839  -96.333201180
30.613300837  -96.333201155
30.613300806  -96.333201182
30.613300822  -96.333201157
30.613300825  -96.333201173
30.613300793  -96.333201165
30.613300836  -96.333201162
30.613300830  -96.333201175
30.613300833  -96.333201190
30.613300819  -96.333201189
30.613300792  -96.333201154
30.613300811  -96.333201160
30.613300786  -96.333201173
30.613300815  -96.333201167
30.613300839  -96.333201185
30.613300794  -96.333201182
30.613300798  -96.333201185
30.613300801  -96.333201191
30.613300805  -96.333201168
30.613300819  -96.333201158
30.613300831  -96.333201147
30.613300822  -96.333201159
30.613300826  -96.333201173
30.613300823  -96.333201171
30.613300813  -96.333201165
30.613300816  -96.333201154
30.613300825  -96.333201173
30.613300832  -96.333201153
30.613300834  -96.333201155
30.613300826  -96.333201159
30.613300801  -96.333201162
30.613300800  -96.333201202
30.613300807  -96.333201200
30.613300814  -96.333201188
30.613300814  -96.333201182
30.613300806  -96.333201182
30.613300806  -96.333201178
30.613300811  -96.333201177
30.613300817  -96.333201168
30.613300825  -96.333201152
30.613300833  -96.333201157
30.613300828  -96.333201165
30.613300811  -96.333201180
30.613300816  -96.333201177
30.613300818  -96.333201176
30.613300813  -96.333201180
30.613300820  -96.333201165
30.613300810  -96.333201191
30.613300820  -96.333201183
30.613300816  -96.333201170
30.613300781  -96.333201193
30.613300812  -96.333201186
30.613300830  -96.333201189
30.613300822  -96.333201177
30.613300830  -96.333201163
30.613300816  -96.333201168
30.613300833  -96.333201175
30.613300801  -96.333201184
30.613300815  -96.333201163
30.613300814  -96.333201173
30.613300799  -96.333201179
30.613300816  -96.333201177
30.613300805  -96.333201176
30.613300799  -96.333201190
30.613300818  -96.333201166
30.613300820  -96.333201190
30.613300799  -96.333201190
30.613300814  -96.333201147
30.613300805  -96.333201198
30.613300811  -96.333201193
30.613300809  -96.333201183
30.613300810  -96.333201176
30.613300809  -96.333201164
30.613300795  -96.333201189
30.613300835  -96.333201173
30.613300786  -96.333201198
30.613300801  -96.333201191
30.613300809  -96.333201194
30.613300838  -96.333201177
30.613300810  -96.333201172
30.613300826  -96.333201172
30.613300819  -96.333201186
30.613300817  -96.333201170
30.613300806  -96.333201172
30.613300797  -96.333201188
30.613300817  -96.333201177
30.613300804  -96.333201182
30.613300815  -96.333201174
30.613300807  -96.333201170
30.613300818  -96.333201164
30.613300822  -96.333201189
30.613300804  -96.333201195
30.613300788  -96.333201205
30.613300795  -96.333201198
30.613300801  -96.333201177
30.613300795  -96.333201182
30.613300829  -96.333201160
30.613300814  -96.333201176
30.613300804  -96.333201187
30.613300813  -96.333201169
30.613300823  -96.333201192
30.613300827  -96.333201177
30.613300800  -96.333201214
30.613300771  -96.333201233
30.613300771  -96.333201224
30.613300752  -96.333201221
30.613300742  -96.333201228
30.613300740  -96.333201248
30.613300770  -96.333201211
30.613300778  -96.333201204
30.613300779  -96.333201208
30.613300767  -96.333201231
30.613300757  -96.333201247
30.613300747  -96.333201227
30.613300741  -96.333201232
30.613300758  -96.333201213
30.613300753  -96.333201227
30.613300761  -96.333201212
30.613300763  -96.333201209
30.613300775  -96.333201212
30.613300778  -96.333201207
30.613300790  -96.333201194
30.613300799  -96.333201185
30.613300784  -96.333201208
30.613300765  -96.333201209
30.613300753  -96.333201219
30.613300758  -96.333201227
30.613300781  -96.333201188
30.613300739  -96.333201196
30.613300754  -96.333201210
30.613300760  -96.333201204
30.613300742  -96.333201217
30.613300738  -96.333201179
30.613300735  -96.333201190
30.613300795  -96.333201194
30.613300776  -96.333201235
30.613300758  -96.333201244
30.613300730  -96.333201243
30.613300704  -96.333201248
30.613300682  -96.333201302
30.613300675  -96.333201315
30.613300693  -96.333201303
30.613300790  -96.333201269
30.613300892  -96.333201168
30.613300867  -96.333201160
30.613300825  -96.333201168
30.613300810  -96.333201186
30.613300780  -96.333201165
30.613300765  -96.333201215
30.613300797  -96.333201214
30.613300833  -96.333201218
30.613300806  -96.333201206
30.613300830  -96.333201155
30.613300877  -96.333201095
30.613300928  -96.333201096
30.613300934  -96.333201149
30.613300945  -96.333201148
30.613300906  -96.333201157
30.613300909  -96.333201145
30.613300890  -96.333201107
30.613300886  -96.333201135
30.613300869  -96.333201139
30.613300886  -96.333201142
30.613300881  -96.333201130
30.613300873  -96.333201107
30.613300876  -96.333201126
30.613300860  -96.333201137
30.613300828  -96.333201164
30.613300800  -96.333201155
30.613300807  -96.333201150
30.613300854  -96.333201127
30.613300882  -96.333201131
30.613300871  -96.333201149
30.613300864  -96.333201136
30.613300867  -96.333201130
30.613300862  -96.333201084
30.613300841  -96.333201100
30.613300879  -96.333201111
30.613300837  -96.333201164
30.613300809  -96.333201153
30.613300794  -96.333201159
30.613300784  -96.333201188
30.613300777  -96.333201164
30.613300793  -96.333201160
30.613300823  -96.333201167
30.613300849  -96.333201178
30.613300871  -96.333201137
30.613300845  -96.333201153
30.613300815  -96.333201173
30.613300799  -96.333201187
30.613300795  -96.333201209
30.613300778  -96.333201224
30.613300855  -96.333201167
30.613300908  -96.333201148
30.613300883  -96.333201173
30.613300926  -96.333201191
30.613300909  -96.333201211
30.613300918  -96.333201254
30.613300877  -96.333201263
30.613300878  -96.333201336
30.613300868  -96.333201345
30.613300857  -96.333201363
30.613300841  -96.333201403
30.613300861  -96.333201468
30.613300920  -96.333201511
30.613300916  -96.333201570
30.613300869  -96.333201622
30.613300890  -96.333201649
30.613300922  -96.333201733
30.613301031  -96.333201763
30.613301092  -96.333201808
30.613301171  -96.333201847
30.613301257  -96.333201878
30.613301283  -96.333201916
30.613301325  -96.333201921
30.613301330  -96.333201892
30.613301319  -96.333201870
30.613301335  -96.333201908
30.613301369  -96.333201887
30.613301389  -96.333201908
30.613301390  -96.333201976
30.613301439  -96.333202006
30.613301477  -96.333202025
30.613301515  -96.333202017
30.613301607  -96.333201987
30.613301625  -96.333202027
30.613301565  -96.333202053
30.613301649  -96.333202045
30.613301779  -96.333202042
30.613301827  -96.333202153
30.613301953  -96.333202240
30.613302138  -96.333202333
30.613302206  -96.333202573
30.613302347  -96.333202855
30.613302374  -96.333203182
30.613302441  -96.333203499
30.613302672  -96.333203803
30.613302772  -96.333204182
30.613302856  -96.333204513
30.613302933  -96.333204816
30.613303021  -96.333205195
30.613303086  -96.333205505
30.613303168  -96.333205766
30.613303280  -96.333206021
30.613303391  -96.333206205
30.613303464  -96.333206355
30.613303519  -96.333206391
30.613303512  -96.333206395
30.613303492  -96.333206400
30.613303475  -96.333206457
30.613303432  -96.333206540
30.613303409  -96.333206637
30.613303415  -96.333206785
30.613303478  -96.333206961
30.613303460  -96.333207134
30.613303469  -96.333207305
30.613303496  -96.333207439
30.613303467  -96.333207567
30.613303460  -96.333207730
30.613303483  -96.333207863
30.613303477  -96.333208072
30.613303505  -96.333208185
30.613303455  -96.333208189
30.613303357  -96.333208021
30.613303242  -96.333207686
30.613303086  -96.333207181
30.613302829  -96.333206618
30.613302591  -96.333206023
30.613302321  -96.333205462
30.613302001  -96.333205000
30.613301687  -96.333204649
30.613301469  -96.333204349
30.613301326  -96.333204068
30.613301269  -96.333203763
30.613301277  -96.333203515
30.613301273  -96.333203275
30.613301315  -96.333203097
30.613301454  -96.333202989
30.613301559  -96.333203014
30.613301661  -96.333203140
30.613301762  -96.333203128
30.613301923  -96.333203279
30.613302071  -96.333203400
30.613302334  -96.333203580
30.613302467  -96.333203752
30.613302556  -96.333203994
30.613302650  -96.333204246
30.613302766  -96.333204489
30.613302773  -96.333204679
30.613302732  -96.333204775
30.613302651  -96.333204772
30.613302505  -96.333204636
30.613302367  -96.333204406
30.613302233  -96.333204160
30.613302078  -96.333204004
30.613301882  -96.333203850
30.613301714  -96.333203685
30.613301628  -96.333203492
30.613301547  -96.333203379
30.613301507  -96.333203295
30.613301529  -96.333203157
30.613301598  -96.333203030
30.613301751  -96.333202910
30.613301846  -96.333202782
30.613301960  -96.333202730
30.613302109  -96.333202785
30.613302270  -96.333202861
30.613302424  -96.333203019
30.613302615  -96.333203046
30.613302630  -96.333203087
30.613302734  -96.333202988
30.613302765  -96.333202853
30.613302737  -96.333202696
30.613302731  -96.333202393
30.613302621  -96.333201938
30.613302425  -96.333201473
30.613302271  -96.333201113
30.613302207  -96.333200747
30.613302218  -96.333200338
30.613302242  -96.333199768
30.613302290  -96.333199274
30.613302371  -96.333198894
30.613302508  -96.333198422
30.613302799  -96.333197999
30.613303070  -96.333197572
30.613303308  -96.333197064
30.613303481  -96.333196527
30.613303579  -96.333196020
30.613303638  -96.333195565
30.613303571  -96.333195140
30.613303485  -96.333194552
30.613303188  -96.333194012
30.613302852  -96.333193420
30.613302470  -96.333192671
30.613302124  -96.333191918
30.613301769  -96.333191247
30.613301445  -96.333190693
30.613301131  -96.333190095
30.613300886  -96.333189520
30.613300658  -96.333188865
30.613300483  -96.333188251
30.613300382  -96.333187586
30.613300289  -96.333186863
30.613300159  -96.333186177
30.613299881  -96.333185489
30.613299567  -96.333184872
30.613299228  -96.333184145
30.613298882  -96.333183594
30.613298567  -96.333182857
30.613298273  -96.333182089
30.613297988  -96.333181454
30.613297692  -96.333180848
30.613297415  -96.333180246
30.613297207  -96.333179679
30.613297030  -96.333179008
30.613296906  -96.333178380
30.613296807  -96.333177679
30.613296704  -96.333177000
30.613296611  -96.333176336
30.613296439  -96.333175778
30.613296281  -96.333175124
30.613296119  -96.333174481
30.613295898  -96.333173877
30.613295594  -96.333173329
30.613295431  -96.333172687
30.613295338  -96.333172130
30.613295297  -96.333171654
30.613295222  -96.333171333
30.613295220  -96.333171080
30.613295350  -96.333170885
30.613295450  -96.333170775
30.613295521  -96.333170732
30.613295589  -96.333170697
30.613295684  -96.333170606
30.613295810  -96.333170526
30.613295935  -96.333170457
30.613296051  -96.333170415
30.613296045  -96.333170355
30.613295956  -96.333170262
30.613295892  -96.333170138
30.613295853  -96.333169959
30.613295793  -96.333169819
30.613295718  -96.333169738
30.613295682  -96.333169640
30.613295696  -96.333169516
30.613295659  -96.333169422
30.613295584  -96.333169379
30.613295576  -96.333169333
30.613295557  -96.333169314
30.613295559  -96.333169324
30.613295548  -96.333169353
30.613295522  -96.333169429
30.613295549  -96.333169564
30.613295589  -96.333169752
30.613295580  -96.333169997
30.613295549  -96.333170248
30.613295460  -96.333170501
30.613295292  -96.333170690
30.613295174  -96.333170853
30.613295130  -96.333170982
30.613295080  -96.333171104
30.613295065  -96.333171213
30.613294958  -96.333171340
30.613294784  -96.333171526
30.613294550  -96.333171792
30.613294277  -96.333172079
30.613293941  -96.333172369
30.613293597  -96.333172638
30.613293163  -96.333172934
30.613292751  -96.333173164
30.613292375  -96.333173409
30.613292050  -96.333173760
30.613291680  -96.333174083
30.613291327  -96.333174364
30.613290933  -96.333174779
30.613290580  -96.333175203
30.613290199  -96.333175665
30.613289845  -96.333176116
30.613289514  -96.333176520
30.613289127  -96.333176827
30.613288688  -96.333177159
30.613288305  -96.333177534
30.613287826  -96.333177943
30.613287327  -96.333178288
30.613286809  -96.333178602
30.613286271  -96.333178964
30.613285776  -96.333179310
30.613285346  -96.333179727
30.613284894  -96.333180118
30.613284515  -96.333180480
30.613284124  -96.333180817
30.613283767  -96.333181157
30.613283411  -96.333181596
30.613283101  -96.333182058
30.613282787  -96.333182519
30.613282447  -96.333182911
30.613282102  -96.333183325
30.613281777  -96.333183746
30.613281424  -96.333184142
30.613281038  -96.333184564
30.613280693  -96.333184977
30.613280329  -96.333185410
30.613279937  -96.333185849
30.613279609  -96.333186318
30.613279248  -96.333186792
30.613278938  -96.333187229
30.613278684  -96.333187713
30.613278465  -96.333188206
30.613278217  -96.333188687
30.613278016  -96.333189235
30.613277823  -96.333189844
30.613277679  -96.333190398
30.613277469  -96.333190902
30.613277279  -96.333191411
30.613277126  -96.333191937
30.613276953  -96.333192458
30.613276727  -96.333193003
30.613276488  -96.333193621
30.613276260  -96.333194219
30.613276071  -96.333194786
30.613275868  -96.333195368
30.613275713  -96.333195933
30.613275508  -96.333196486
30.613275377  -96.333197075
30.613275276  -96.333197618
30.613275195  -96.333198180
30.613275079  -96.333198782
30.613274983  -96.333199397
30.613274949  -96.333200090
30.613274833  -96.333200712
30.613274724  -96.333201310
30.613274545  -96.333201860
30.613274356  -96.333202430
30.613274191  -96.333203069
30.613273924  -96.333203723
30.613273668  -96.333204445
30.613273514  -96.333205102
30.613273368  -96.333205730
30.613273258  -96.333206353
30.613273155  -96.333207057
30.613273112  -96.333207710
30.613273143  -96.333208351
30.613273182  -96.333209060
30.613273311  -96.333209764
30.613273354  -96.333210464
30.613273407  -96.333211100
30.613273397  -96.333211768
30.613273413  -96.333212491
30.613273524  -96.333213147
30.613273648  -96.333213895
30.613273736  -96.333214623
30.613273849  -96.333215341
30.613273936  -96.333216044
30.613274009  -96.333216735
30.613274178  -96.333217331
30.613274387  -96.333217932
30.613274617  -96.333218436
30.613274849  -96.333218994
30.613275143  -96.333219575
30.613275421  -96.333220192
30.613275672  -96.333220760
30.613275901  -96.333221331
30.613276124  -96.333221883
30.613276335  -96.333222503
30.613276614  -96.333223132
30.613276837  -96.333223785
30.613277084  -96.333224421
30.613277294  -96.333225050
30.613277562  -96.333225659
30.613277894  -96.333226268
30.613278211  -96.333226845
30.613278493  -96.333227393
30.613278814  -96.333227928
30.613279161  -96.333228513
30.613279525  -96.333229032
30.613279913  -96.333229509
30.613280277  -96.333229954
30.613280596  -96.333230472
30.613280818  -96.333231009
30.613281096  -96.333231535
30.613281372  -96.333232110
30.613281710  -96.333232679
30.613282000  -96.333233319
30.613282318  -96.333233869
30.613282595  -96.333234369
30.613282863  -96.333234777
30.613283113  -96.333235134
30.613283273  -96.333235442
30.613283399  -96.333235609
30.613283525  -96.333235688
30.613283669  -96.333235658
30.613283850  -96.333235601
30.613284024  -96.333235544
30.613284166  -96.333235587
30.613284314  -96.333235632
30.613284434  -96.333235704
30.613284566  -96.333235749
30.613284740  -96.333235810
30.613284961  -96.333235867
30.613285200  -96.333235793
30.613285390  -96.333235553
30.613285588  -96.333235197
30.613285836  -96.333234749
30.613286113  -96.333234184
30.613286404  -96.333233579
30.613286681  -96.333233017
30.613286932  -96.333232603
30.613287173  -96.333232065
30.613287469  -96.333231674
30.613287935  -96.333231226
30.613288431  -96.333230842
30.613288933  -96.333230364
30.613289502  -96.333229853
30.613290015  -96.333229320
30.613290450  -96.333228796
30.613290876  -96.333228293
30.613291302  -96.333227784
30.613291682  -96.333227204
30.613292095  -96.333226500
30.613292436  -96.333225735
30.613292678  -96.333225054
30.613292959  -96.333224457
30.613293332  -96.333223861
30.613293719  -96.333223276
30.613294175  -96.333222686
30.613294628  -96.333222138
30.613295144  -96.333221544
30.613295681  -96.333220925
30.613296064  -96.333220358
30.613296440  -96.333219727
30.613296826  -96.333219137
30.613297141  -96.333218416
30.613297458  -96.333217735
30.613297720  -96.333217102
30.613297950  -96.333216401
30.613298190  -96.333215783
30.613298411  -96.333215197
30.613298609  -96.333214654
30.613298855  -96.333214167
30.613299180  -96.333213711
30.613299518  -96.333213272
30.613299873  -96.333212860
30.613300308  -96.333212453
30.613300842  -96.333211992
30.613301307  -96.333211590
30.613301648  -96.333211132
30.613301970  -96.333210677
30.613302283  -96.333210231
30.613302636  -96.333209721
30.613302955  -96.333209250
30.613303303  -96.333208737
30.613303550  -96.333208189
30.613303784  -96.333207663
30.613304041  -96.333207192
30.613304409  -96.333206728
30.613304739  -96.333206322
30.613305095  -96.333205988
30.613305431  -96.333205669
30.613305764  -96.333205376
30.613306164  -96.333204958
30.613306485  -96.333204556
30.613306778  -96.333204223
30.613307044  -96.333203871
30.613307227  -96.333203514
30.613307341  -96.333203150
30.613307382  -96.333202797
30.613307446  -96.333202501
30.613307507  -96.333202264
30.613307573  -96.333202074
30.613307618  -96.333201918
30.613307655  -96.333201832
30.613307688  -96.333201810
30.613307707  -96.333201808
30.613307682  -96.333201896
30.613307668  -96.333202014
30.613307662  -96.333202180
30.613307644  -96.333202365
30.613307619  -96.333202543
30.613307585  -96.333202702
30.613307611  -96.333202830
30.613307585  -96.333202904
30.613307557  -96.333202980
30.613307529  -96.333203090
30.613307528  -96.333203173
30.613307547  -96.333203221
30.613307543  -96.333203293
30.613307545  -96.333203359
30.613307542  -96.333203426
30.613307495  -96.333203530
30.613307505  -96.333203632
30.613307512  -96.333203688
30.613307510  -96.333203795
30.613307442  -96.333203909
30.613307266  -96.333204102
30.613306971  -96.333204346
30.613306580  -96.333204530
30.613306152  -96.333204667
30.613305715  -96.333204823
30.613305301  -96.333205054
30.613304929  -96.333205292
30.613304632  -96.333205589
30.613304376  -96.333205926
30.613304054  -96.333206298
30.613303825  -96.333206753
30.613303723  -96.333207291
30.613303642  -96.333207752
30.613303433  -96.333208163
30.613303196  -96.333208525
30.613302886  -96.333208881
30.613302487  -96.333209256
30.613302011  -96.333209658
30.613301527  -96.333210053
30.613301141  -96.333210399
30.613300800  -96.333210748
30.613300566  -96.333211092
30.613300320  -96.333211563
30.613300104  -96.333212005
30.613299889  -96.333212457
30.613299751  -96.333212975
30.613299663  -96.333213432
30.613299589  -96.333213857
30.613299489  -96.333214204
30.613299369  -96.333214483
30.613299152  -96.333214798
30.613298887  -96.333215125
30.613298643  -96.333215403
30.613298368  -96.333215690
30.613298132  -96.333215894
30.613297848  -96.333216090
30.613297598  -96.333216226
30.613297395  -96.333216332
30.613297249  -96.333216422
30.613297114  -96.333216534
30.613297031  -96.333216623
30.613296982  -96.333216622
30.613297011  -96.333216482
30.613297051  -96.333216253
30.613297065  -96.333216103
30.613297059  -96.333216084
30.613297074  -96.333216058
30.613297050  -96.333216015
30.613297074  -96.333215930
30.613297111  -96.333215894
30.613297103  -96.333215881
30.613297046  -96.333215893
30.613296989  -96.333215940
30.613297006  -96.333215960
30.613297066  -96.333215947
30.613297110  -96.333215906
30.613297145  -96.333215860
30.613297147  -96.333215818
30.613297120  -96.333215825
30.613297007  -96.333215915
30.613296882  -96.333216073
30.613296815  -96.333216334
30.613296757  -96.333216571
30.613296717  -96.333216668
30.613296722  -96.333216658
30.613296712  -96.333216662
30.613296735  -96.333216766
30.613296782  -96.333216921
30.613296848  -96.333217107
30.613296898  -96.333217238
30.613296905  -96.333217351
30.613296945  -96.333217413
30.613297018  -96.333217485
30.613297125  -96.333217489
30.613297170  -96.333217519
30.613297218  -96.333217538
30.613297256  -96.333217581
30.613297234  -96.333217620
30.613297259  -96.333217683
30.613297253  -96.333217706
30.613297267  -96.333217724
30.613297258  -96.333217768
30.613297247  -96.333217774
30.613297241  -96.333217755
30.613297260  -96.333217730
30.613297281  -96.333217699
30.613297294  -96.333217661
30.613297326  -96.333217645
30.613297384  -96.333217659
30.613297401  -96.333217714
30.613297422  -96.333217733
30.613297486  -96.333217705
30.613297541  -96.333217679
30.613297548  -96.333217640
30.613297570  -96.333217607
30.613297534  -96.333217542
30.613297488  -96.333217475
30.613297390  -96.333217369
30.613297267  -96.333217206
30.613297125  -96.333217019
30.613296960  -96.333216745
30.613296794  -96.333216398
30.613296554  -96.333216059
30.613296212  -96.333215709
30.613295921  -96.333215363
30.613295654  -96.333214967
30.613295379  -96.333214599
30.613295179  -96.333214236
30.613294965  -96.333213837
30.613294781  -96.333213440
30.613294564  -96.333213036
30.613294344  -96.333212590
30.613294122  -96.333212109
30.613293905  -96.333211585
30.613293692  -96.333211028
30.613293408  -96.333210475
30.613293131  -96.333209883
30.613292888  -96.333209272
30.613292600  -96.333208732
30.613292347  -96.333208153
30.613292059  -96.333207560
30.613291743  -96.333206961
30.613291419  -96.333206426
30.613291119  -96.333205967
30.613290861  -96.333205482
30.613290627  -96.333204960
30.613290516  -96.333204406
30.613290380  -96.333203882
30.613290185  -96.333203382
30.613290036  -96.333202809
30.613289880  -96.333202253
30.613289732  -96.333201721
30.613289557  -96.333201252
30.613289403  -96.333200809
30.613289258  -96.333200387
30.613289071  -96.333199920
30.613288966  -96.333199407
30.613288819  -96.333198928
30.613288685  -96.333198464
30.613288581  -96.333198032
30.613288535  -96.333197631
30.613288510  -96.333197267
30.613288548  -96.333196965
30.613288709  -96.333196658
30.613288895  -96.333196379
30.613289131  -96.333196108
30.613289430  -96.333195829
30.613289718  -96.333195627
30.613289995  -96.333195428
30.613290204  -96.333195190
30.613290373  -96.333194982
30.613290546  -96.333194815
30.613290670  -96.333194660
30.613290766  -96.333194480
30.613290826  -96.333194354
30.613290816  -96.333194209
30.613290840  -96.333194091
30.613290894  -96.333194042
30.613290878  -96.333194068
30.613290814  -96.333194147
30.613290696  -96.333194226
30.613290574  -96.333194329
30.613290448  -96.333194410
30.613290333  -96.333194495
30.613290203  -96.333194571
30.613290086  -96.333194586
30.613289968  -96.333194544
30.613289853  -96.333194475
30.613289676  -96.333194388
30.613289532  -96.333194265
30.613289418  -96.333194143
30.613289317  -96.333194001
30.613289214  -96.333193863
30.613289090  -96.333193770
30.613288978  -96.333193800
30.613288891  -96.333193915
30.613288835  -96.333194129
30.613288799  -96.333194405
30.613288781  -96.333194806
30.613288794  -96.333195294
30.613288788  -96.333195941
30.613288811  -96.333196709
30.613288791  -96.333197382
30.613288787  -96.333197901
30.613288863  -96.333198354
30.613288931  -96.333198878
30.613289011  -96.333199391
30.613289152  -96.333199823
30.613289420  -96.333200325
30.613289781  -96.333200812
30.613290114  -96.333201398
30.613290449  -96.333202053
30.613290681  -96.333202676
30.613290922  -96.333203200
30.613291163  -96.333203721
30.613291427  -96.333204264
30.613291677  -96.333204842
30.613291910  -96.333205506
30.613292261  -96.333206110
30.613292508  -96.333206708
30.613292787  -96.333207254
30.613293047  -96.333207797
30.613293374  -96.333208297
30.613293768  -96.333208761
30.613294118  -96.333209169
30.613294450  -96.333209543
30.613294759  -96.333209864
30.613295032  -96.333210105
30.613295303  -96.333210378
30.613295513  -96.333210707
30.613295725  -96.333210948
30.613295841  -96.333211177
30.613295906  -96.333211447
30.613295928  -96.333211809
30.613295966  -96.333212194
30.613295996  -96.333212474
30.613296002  -96.333212625
30.613295986  -96.333212702
30.613295851  -96.333212758
30.613295738  -96.333212806
30.613295673  -96.333212780
30.613295663  -96.333212690
30.613295610  -96.333212532
30.613295533  -96.333212396
30.613295458  -96.333212263
30.613295402  -96.333212125
30.613295378  -96.333212022
30.613295413  -96.333211888
30.613295503  -96.333211772
30.613295621  -96.333211649
30.613295772  -96.333211529
30.613295886  -96.333211389
30.613296010  -96.333211235
30.613296118  -96.333211098
30.613296206  -96.333210949
30.613296265  -96.333210731
30.613296235  -96.333210566
30.613296227  -96.333210347
30.613296250  -96.333210125
30.613296276  -96.333209927
30.613296314  -96.333209722
30.613296431  -96.333209543
30.613296603  -96.333209332
30.613296804  -96.333209138
30.613296955  -96.333208971
30.613297131  -96.333208800
30.613297296  -96.333208603
30.613297425  -96.333208419
30.613297557  -96.333208180
30.613297712  -96.333207878
30.613297785  -96.333207582
30.613297869  -96.333207267
30.613297917  -96.333206956
30.613297956  -96.333206688
30.613298016  -96.333206466
30.613298145  -96.333206201
30.613298318  -96.333205967
30.613298497  -96.333205734
30.613298656  -96.333205516
30.613298813  -96.333205332
30.613298962  -96.333205134
30.613299095  -96.333204873
30.613299244  -96.333204593
30.613299343  -96.333204328
30.613299441  -96.333204059
30.613299512  -96.333203818
30.613299617  -96.333203578
30.613299727  -96.333203346
30.613299843  -96.333203107
30.613300001  -96.333202896
30.613300195  -96.333202678
30.613300379  -96.333202447
30.613300518  -96.333202297
30.613300652  -96.333202113
30.613300815  -96.333201863
30.613300971  -96.333201595
30.613301148  -96.333201281
30.613301234  -96.333200925
30.613301318  -96.333200610
30.613301421  -96.333200307
30.613301542  -96.333200031
30.613301664  -96.333199753
30.613301847  -96.333199499
30.613302061  -96.333199272
30.613302251  -96.333199091
30.613302415  -96.333198921
30.613302546  -96.333198726
30.613302693  -96.333198429
30.613302840  -96.333198103
30.613302933  -96.333197800
30.613303008  -96.333197542
30.613303129  -96.333197245
30.613303230  -96.333196985
30.613303306  -96.333196766
30.613303431  -96.333196596
30.613303545  -96.333196449
30.613303679  -96.333196279
30.613303837  -96.333196080
30.613303992  -96.333195867
30.613304089  -96.333195636
30.613304172  -96.333195455
30.613304245  -96.333195193
30.613304288  -96.333194962
30.613304386  -96.333194754
30.613304461  -96.333194564
30.613304554  -96.333194431
30.613304668  -96.333194333
30.613304786  -96.333194182
30.613304921  -96.333194081
30.613305021  -96.333193955
30.613305086  -96.333193845
30.613305070  -96.333193737
30.613305011  -96.333193628
30.613304866  -96.333193471
30.613304713  -96.333193329
30.613304615  -96.333193219
30.613304442  -96.333193144
30.613304300  -96.333193166
30.613304082  -96.333193266
30.613303894  -96.333193373
30.613303756  -96.333193493
30.613303561  -96.333193546
30.613303358  -96.333193634
30.613303096  -96.333193684
30.613302848  -96.333193707
30.613302577  -96.333193682
30.613302289  -96.333193630
30.613302041  -96.333193604
30.613301809  -96.333193622
30.613301604  -96.333193690
30.613301405  -96.333193797
30.613301207  -96.333193971
30.613300998  -96.333194196
30.613300861  -96.333194449
30.613300676  -96.333194612
30.613300426  -96.333194656
30.613300131  -96.333194693
30.613299803  -96.333194704
30.613299483  -96.333194704
30.613299192  -96.333194688
30.613298939  -96.333194663
30.613298714  -96.333194663
30.613298477  -96.333194716
30.613298249  -96.333194817
30.613298033  -96.333194938
30.613297849  -96.333195056
30.613297668  -96.333195140
30.613297461  -96.333195184
30.613297214  -96.333195204
30.613296952  -96.333195206
30.613296707  -96.333195170
30.613296421  -96.333195113
30.613296191  -96.333195127
30.613295967  -96.333195188
30.613295716  -96.333195274
30.613295464  -96.333195373
30.613295215  -96.333195495
30.613294991  -96.333195654
30.613294767  -96.333195818
30.613294543  -96.333195922
30.613294312  -96.333195980
30.613294031  -96.333196038
30.613293771  -96.333196041
30.613293512  -96.333195978
30.613293246  -96.333195919
30.613292997  -96.333195902
30.613292722  -96.333195905
30.613292472  -96.333195952
30.613292251  -96.333196014
30.613291996  -96.333196109
30.613291727  -96.333196268
30.613291506  -96.333196377
30.613291273  -96.333196434
30.613291051  -96.333196469
30.613290819  -96.333196479
30.613290617  -96.333196432
30.613290431  -96.333196355
30.613290252  -96.333196277
30.613290069  -96.333196268
30.613289893  -96.333196297
30.613289693  -96.333196359
30.613289494  -96.333196480
30.613289349  -96.333196637
30.613289205  -96.333196803
30.613289071  -96.333196914
30.613288960  -96.333196973
30.613288876  -96.333196976
30.613288754  -96.333196908
30.613288614  -96.333196785
30.613288484  -96.333196598
30.613288340  -96.333196401
30.613288225  -96.333196165
30.613288125  -96.333195904
30.613288112  -96.333195651
30.613288178  -96.333195379
30.613288286  -96.333195085
30.613288463  -96.333194809
30.613288624  -96.333194543
30.613288756  -96.333194238
30.613288891  -96.333193876
30.613289021  -96.333193544
30.613289070  -96.333193130
30.613289165  -96.333192732
30.613289267  -96.333192405
30.613289407  -96.333192013
30.613289555  -96.333191682
30.613289756  -96.333191393
30.613290003  -96.333191132
30.613290308  -96.333190851
30.613290457  -96.333190571
30.613290647  -96.333190419
30.613290813  -96.333190156
30.613291001  -96.333189799
30.613291150  -96.333189458
30.613291340  -96.333189069
30.613291524  -96.333188704
30.613291686  -96.333188434
30.613291867  -96.333188143
30.613292080  -96.333187849
30.613292323  -96.333187618
30.613292544  -96.333187380
30.613292788  -96.333187135
30.613293042  -96.333186819
30.613293230  -96.333186516
30.613293438  -96.333186235
30.613293633  -96.333185902
30.613293789  -96.333185493
30.613293882  -96.333185146
30.613293996  -96.333184815
30.613294165  -96.333184473
30.613294315  -96.333184152
30.613294485  -96.333183880
30.613294681  -96.333183593
30.613294889  -96.333183315
30.613295110  -96.333183054
30.613295393  -96.333182751
30.613295659  -96.333182415
30.613295894  -96.333182079
30.613296069  -96.333181709
30.613296241  -96.333181344
30.613296340  -96.333180999
30.613296435  -96.333180663
30.613296606  -96.333180359
30.613296823  -96.333180063
30.613296994  -96.333179771
30.613297149  -96.333179533
30.613297376  -96.333179263
30.613297583  -96.333179083
30.613297725  -96.333178928
30.613297882  -96.333178766
30.613298027  -96.333178522
30.613298157  -96.333178265
30.613298227  -96.333178054
30.613298276  -96.333177961
30.613298323  -96.333177956
30.613298418  -96.333178102
30.613298449  -96.333178301
30.613298484  -96.333178593
30.613298550  -96.333178898
30.613298707  -96.333179213
30.613298849  -96.333179586
30.613298935  -96.333180024
30.613299073  -96.333180412
30.613299267  -96.333180837
30.613299456  -96.333181276
30.613299725  -96.333181700
30.613299995  -96.333182153
30.613300324  -96.333182713
30.613300648  -96.333183206
30.613300848  -96.333183673
30.613301086  -96.333184241
30.613301317  -96.333184840
30.613301550  -96.333185484
30.613301783  -96.333186162
30.613302019  -96.333186933
30.613302292  -96.333187573
30.613302483  -96.333188199
30.613302732  -96.333188800
30.613302988  -96.333189397
30.613303305  -96.333189986
30.613303655  -96.333190607
30.613304048  -96.333191249
30.613304350  -96.333191905
30.613304634  -96.333192517
30.613304783  -96.333193065
30.613304928  -96.333193716
30.613305105  -96.333194272
30.613305151  -96.333194838
30.613305279  -96.333195309
30.613305422  -96.333195745
30.613305578  -96.333196181
30.613305720  -96.333196639
30.613305868  -96.333197076
30.613306027  -96.333197442
30.613306203  -96.333197775
30.613306266  -96.333198027
30.613306220  -96.333198284
30.613306053  -96.333198575
30.613305779  -96.333198872
30.613305415  -96.333199065
30.613305063  -96.333199350
30.613304772  -96.333199667
30.613304542  -96.333200130
30.613304067  -96.333200544
30.613303672  -96.333200988
30.613303376  -96.333201529
30.613303138  -96.333202100
30.613302887  -96.333202661
30.613302727  -96.333203160
30.613302506  -96.333203642
30.613302298  -96.333204006
30.613302051  -96.333204427
30.613301794  -96.333204860
30.613301536  -96.333205219
30.613301265  -96.333205558
30.613301115  -96.333205826
30.613300975  -96.333206062
30.613300942  -96.333206244
30.613300947  -96.333206441
30.613301094  -96.333206654
30.613301325  -96.333206798
30.613301552  -96.333206896
30.613301737  -96.333206946
30.613301872  -96.333206928
30.613301921  -96.333206856
30.613301944  -96.333206773
30.613302009  -96.333206729
30.613302013  -96.333206608
30.613301996  -96.333206468
30.613301990  -96.333206283
30.613301981  -96.333206124
30.613301887  -96.333205976
30.613301675  -96.333205825
30.613301335  -96.333205724
30.613301076  -96.333205684
30.613300865  -96.333205613
30.613300747  -96.333205505
30.613300709  -96.333205232
30.613300642  -96.333204884
30.613300640  -96.333204548
30.613300620  -96.333204092
30.613300592  -96.333203630
30.613300527  -96.333203153
30.613300450  -96.333202590
30.613300395  -96.333202087
30.613300321  -96.333201674
30.613300215  -96.333201362
30.613300098  -96.333201165
30.613300074  -96.333201020
30.613300117  -96.333201015
30.613300152  -96.333200993
30.613300152  -96.333200879
30.613300082  -96.333200668
30.613299990  -96.333200372
30.613299926  -96.333200138
30.613299875  -96.333199880
30.613299896  -96.333199600
30.613299915  -96.333199284
30.613299832  -96.333198988
30.613299810  -96.333198668
30.613299739  -96.333198459
30.613299747  -96.333198362
30.613299671  -96.333198337
30.613299617  -96.333198275
30.613299506  -96.333198201
30.613299371  -96.333198022
30.613299155  -96.333197909
30.613299059  -96.333197827
30.613298946  -96.333197693
30.613298857  -96.333197717
30.613298745  -96.333197788
30.613298690  -96.333197917
30.613298587  -96.333198072
30.613298553  -96.333198238
30.613298563  -96.333198324
30.613298546  -96.333198371
30.613298454  -96.333198472
30.613298371  -96.333198487
30.613298359  -96.333198428
30.613298395  -96.333198357
30.613298427  -96.333198315
30.613298440  -96.333198297
30.613298442  -96.333198231
30.613298391  -96.333198187
30.613298412  -96.333198198
30.613298405  -96.333198202
30.613298406  -96.333198211
30.613298417  -96.333198257
30.613298352  -96.333198298
30.613298340  -96.333198254
30.613298426  -96.333198204
30.613298461  -96.333198161
30.613298446  -96.333198115
30.613298397  -96.333198185
30.613298357  -96.333198202
30.613298377  -96.333198197
30.613298357  -96.333198233
30.613298394  -96.333198244
30.613298408  -96.333198237
30.613298393  -96.333198223
30.613298422  -96.333198213
30.613298430  -96.333198209
30.613298427  -96.333198240
30.613298400  -96.333198247
30.613298371  -96.333198240
30.613298373  -96.333198239
30.613298387  -96.333198225
30.613298379  -96.333198234
30.613298386  -96.333198212
30.613298389  -96.333198197
30.613298386  -96.333198210
30.613298364  -96.333198198
30.613298404  -96.333198189
30.613298403  -96.333198210
30.613298412  -96.333198197
30.613298412  -96.333198212
30.613298398  -96.333198206
30.613298397  -96.333198198
30.613298382  -96.333198204
30.613298401  -96.333198198
30.613298412  -96.333198198
30.613298398  -96.333198213
30.613298377  -96.333198204
30.613298390  -96.333198183
30.613298372  -96.333198200
30.613298385  -96.333198219
30.613298403  -96.333198202
30.613298378  -96.333198187
30.613298346  -96.333198203
30.613298367  -96.333198211
30.613298395  -96.333198198
30.613298426  -96.333198179
30.613298426  -96.333198167
30.613298406  -96.333198180
30.613298372  -96.333198187
30.613298373  -96.333198193
30.613298399  -96.333198182
30.613298391  -96.333198186
30.613298376  -96.333198189
30.613298384  -96.333198191
30.613298369  -96.333198183
30.613298378  -96.333198198
30.613298405  -96.333198217
30.613298389  -96.333198190
30.613298364  -96.333198192
30.613298386  -96.333198196
30.613298370  -96.333198211
30.613298376  -96.333198206
30.613298373  -96.333198197
30.613298374  -96.333198196
30.613298367  -96.333198208
30.613298383  -96.333198221
30.613298379  -96.333198214
30.613298367  -96.333198227
30.613298364  -96.333198218
30.613298374  -96.333198204
30.613298372  -96.333198214
30.613298368  -96.333198214
30.613298376  -96.333198204
30.613298393  -96.333198218
30.613298379  -96.333198216
30.613298368  -96.333198207
30.613298374  -96.333198206
30.613298398  -96.333198206
30.613298388  -96.333198199
30.613298381  -96.333198199
30.613298379  -96.333198213
30.613298380  -96.333198225
30.613298374  -96.333198207
30.613298380  -96.333198210
30.613298383  -96.333198208
30.613298388  -96.333198212
30.613298388  -96.333198204
30.613298383  -96.333198193
30.613298386  -96.333198203
30.613298403  -96.333198204
30.613298395  -96.333198204
30.613298393  -96.333198205
30.613298379  -96.333198201
30.613298383  -96.333198200
30.613298383  -96.333198211
30.613298383  -96.333198195
30.613298384  -96.333198195
30.613298389  -96.333198185
30.613298391  -96.333198203
30.613298367  -96.333198221
30.613298379  -96.333198210
30.613298376  -96.333198214
30.613298388  -96.333198196
30.613298391  -96.333198188
30.613298411  -96.333198173
30.613298383  -96.333198190
30.613298378  -96.333198210
30.613298376  -96.333198212
30.613298365  -96.333198210
30.613298391  -96.333198198
30.613298376  -96.333198224
30.613298378  -96.333198216
30.613298404  -96.333198203
30.613298373  -96.333198213
30.613298381  -96.333198209
30.613298377  -96.333198195
30.613298384  -96.333198193
30.613298389  -96.333198213
30.613298381  -96.333198195
30.613298388  -96.333198203
30.613298386  -96.333198208
30.613298370  -96.333198204
30.613298380  -96.333198198
30.613298388  -96.333198201
30.613298391  -96.333198197
30.613298387  -96.333198190
30.613298385  -96.333198218
30.613298377  -96.333198220
30.613298375  -96.333198211
30.613298381  -96.333198207
30.613298369  -96.333198202
30.613298376  -96.333198201
30.613298385  -96.333198208
30.613298378  -96.333198203
30.613298388  -96.333198212
30.613298382  -96.333198209
30.613298386  -96.333198212
30.613298387  -96.333198208
30.613298410  -96.333198195
30.613298388  -96.333198204
30.613298387  -96.333198190
30.613298397  -96.333198188
30.613298383  -96.333198212
30.613298386  -96.333198209
30.613298397  -96.333198193
30.613298374  -96.333198204
30.613298362  -96.333198201
30.613298380  -96.333198196
30.613298394  -96.333198198
30.613298376  -96.333198208
30.613298377  -96.333198202
30.613298387  -96.333198205
30.613298394  -96.333198221
30.613298392  -96.333198217
30.613298384  -96.333198219
30.613298385  -96.333198215
30.613298376  -96.333198202
30.613298405  -96.333198220
30.613298387  -96.333198232
30.613298385  -96.333198228
30.613298396  -96.333198220
30.613298409  -96.333198195
30.613298413  -96.333198187
30.613298406  -96.333198205
30.613298414  -96.333198203
30.613298404  -96.333198217
30.613298410  -96.333198224
30.613298429  -96.333198214
30.613298419  -96.333198213
30.613298405  -96.333198223
30.613298410  -96.333198243
30.613298420  -96.333198218
30.613298421  -96.333198224
30.613298426  -96.333198220
30.613298414  -96.333198198
30.613298407  -96.333198194
30.613298415  -96.333198195
30.613298408  -96.333198207
30.613298412  -96.333198207
30.613298409  -96.333198215
30.613298412  -96.333198238
30.613298425  -96.333198219
30.613298414  -96.333198208
30.613298425  -96.333198215
30.613298427  -96.333198204
30.613298405  -96.333198213
30.613298418  -96.333198235
30.613298416  -96.333198203
30.613298418  -96.333198206
30.613298418  -96.333198188
30.613298413  -96.333198221
30.613298412  -96.333198219
30.613298441  -96.333198222
30.613298418  -96.333198194
30.613298405  -96.333198197
30.613298428  -96.333198194
30.613298428  -96.333198216
30.613298414  -96.333198214
30.613298419  -96.333198206
30.613298402  -96.333198207
30.613298402  -96.333198185
30.613298391  -96.333198210
30.613298401  -96.333198211
30.613298406  -96.333198213
30.613298404  -96.333198225
30.613298418  -96.333198209
30.613298417  -96.333198221
30.613298416  -96.333198199
30.613298417  -96.333198191
